[-2.1528327626519994, -14.533911690967704, -0.16660331926103264, -7.099983998464818, -3.528420001139505]
[5.437671585562707, -7.461848870910719, -0.5459291178100713, -0.04212316815027532, -0.12515581718841481]
[-5.069253793819216, -7.461848870910719, -5.544908655693817, -3.213919301679719, -5.731753980896668]
[-1.14157619136, -10.764163813259998, -0.22380895467132148, -2.0302527694725248, -2.505174185466014]
[-4.204324735203474, -10.764163813259998, -10.764163813259998, -2.5462052796413435, -4.277240468195333]
[-1.3187446675328, -4.207438925699929, -4.80396016, -0.7482538708276719, -1.6196155144440452]
[8.813129799220484, -0.9630896834979634, -2.9404, 0.0, -0.492982886765842]
[3.9626249265527322, -0.8613430591013436, -8.312611893492505, -0.4666319874540364, -3.8626017490013056]
[-6.70819452605252, -6.184184455320018, -36.27732276364257, -0.8792360284394403, -7.882793352353567]
[-6.051796930120429, -6.390162294280503, -10.764163813259998, -6.0264976205295415, -4.781531600050085]
[-2.7620227940750413, -4.669386569003755, -9.146359655622655, -0.6521950932589966, -5.851203176329206]
[7.514179485332464, -0.37418944531376314, -5.7078809567999995, -0.013374108347645536, -1.7766455111624802]
[-0.58808, -1.122303652709151, -3.881592, -1.0, -0.16196094680986414]
[6.542023028581708, -0.3841168115437903, -0.5427831646488839, -1.98, -0.04662273427550627]
[-3.8421966349092154, -3.844781001072652, -4.053887074814034, -4.80396016, -1.1449324928663964]
[4.625900778460832, -5.204546659982316, -5.355538703175393, -5.352117827025321, -1.0379904865803746]
[-5.971221357265744, -13.048685072076372, -10.04963862773928, -9.952051435495608, -3.0750784120123895]
[-9.99999999999996, -13.877539490135012, -10.220062415868869, -11.063911851882503, -16.52395252948179]
[-4.654253670052115, -3.139718571902865, -4.756950433467221, -8.673722291861242, -5.04944938261726]
[5.093166975059757, -2.6375890645817437, -5.956433675568938, -4.8551369467215615, -2.996652529848664]
[-5.45203669437805, -3.3918879381825873, -5.695207484925216, -7.4492845948235, -10.737717218122192]
[5.811171696956452, -1.0082675641484513, -4.673070984102971, -1.8375074345656928, -0.15178666374841865]
[-8.053241269195997, -32.51257196221664, -1.6029150518586621, -7.744041343381707, -7.697217398372183]
[-3.1876737576010763, -2.8420149054273907, -10.764163813259998, -9.963432462510202, -1.012240278685679]
[-7.711749712750526, -7.152388118998528, -3.393914336413262, -34.818717209585685, -0.6025643059313774]
[-1.14157619136, -1.257096611317083, -2.576426194452493, -3.881592, -0.14317457433073982]
[1.0000000000000377, -5.276793716799004, -5.408919651042307, -4.896461879482517, -7.379180954362141]
[-1.662522378698501, -9.412210917597076, -3.0710611968595583, -11.548880536994798, -0.1768902648601775]
[-4.320238240499404, -4.70264771252605, -9.542437392180586, -2.9816297533281113, -4.564674994729156]
[3.059425258524527, -1.0409523120205204, -1.2952326269592906, -4.80396016, -0.47763193522852576]
[-4.08604564816681, -4.1762317342609485, -5.570619213447368, -2.350570647379604, -4.34179949220781]
[6.322558916649872, -0.3159536040168925, -4.7267769507522575, -0.5438554853583121, -1.927729080398212]
[-4.08604564816681, -3.885938034661662, -4.817341035357587, -1.3064915351237885, -4.5303871328030345]
[-5.542995960490489, -2.9900154727802457, -5.687285835241892, -6.185658602769204, -12.564169665611281]
[5.011303635558561, -0.5183988322826714, -1.1061773495473384, -3.428585575656447, -2.4507217136224364]
[-4.96862632022369, -12.02098608181519, -8.591803265734516, -2.3559415177246796, -8.447506142204599]
[-5.719493320455066, -5.777219683847377, -1.931939590952831, -5.712885387327332, -11.511367090236753]
[5.176701639299822, -2.1320733251304973, -0.002933214197760001, -1.0233071083584588, -1.109862981805744]
[-5.359221116712296, -6.615642465337385, -3.028119251017111, -5.362364695418015, -5.40849219778667]
[5.528236311798681, -5.1358176363394925, -6.196985900792432, -0.7360121630145516, -7.12681476988356]
[8.503729859171353, -3.2124200323166665, -1.2106202694257964, -1.98, 0.0]
[5.437671585567705, -0.8298772032152828, 0.0, -1.440595852226027, -0.6913001566499277]
[-5.069253793819216, -5.166674380290085, -3.2929648590776566, -5.75050682372602, -5.195830803593065]
[6.111785583550538, -2.5536624173382014, -5.293379716831434, -0.2592, -0.9593128791305057]
[6.65512553936909, -0.17199178196421222, -0.38114631900304313, -1.98, 0]
[-3.716527178478791, -1.7698376631736499, -3.7845801832179924, -13.071544867729804, -5.7078809567999995]
[-1.14157619136, -0.383141721095017, -6.108754561327769, -5.992971154369714, -16.619601412245274]
[3.3248213260195127, -0.6723967299410565, -3.6809438138942996, -0.5892446365150223, -8.312611893492505]
[-7.416865193311653, -3.1677964668846528, -8.312835570056727, -7.0139629471498, -31.419914281269538]
[-1.14157619136, -0.4348376535072198, -0.7576045246928389, -4.08405573244383, -3.881592]
[5.437671585562707, -0.7843720059079368, -0.7813963774017566, -0.692872350133185, -1.98]
[-5.069253793819216, -5.083852756053766, -3.3081988442702754, -5.727504731310211, -7.461848870910719]
[8.972581427776003, -0.017410115671118994, -0.2043924179297741, -1.9523825550763436, -1.98]
[8.972581427776003, -0.11065095737644515, -1.9429920809460104, -1.4196921644426512, -5.7078809567999995]
[9.470728000000003, -1.0, 0.0, 0, -1.0]
[-0.58808, -1.98, -0.2618046188186498, -2.062971539568591, -1.98]
[2.752082857723604, -9.146359655622655, -0.4135980396678299, -3.791653042289509, -0.9748833998180176]
[-0.7763184000000001, -1.0, -1.214077986834587, -1.3650264151962492, -0.4961944662204073]
[8.062450513613204, -3.881592, 0.0, -2.408351329890081, -1.5369445511597872]
[8.972581427776003, -2.9404, 0.0, -0.11937246989159696, -1.1583327129019136]
[6.322558916649872, -0.896657020457158, 0, 0.0, -0.2570865757572603]
[-5.069253793819216, -9.963432462510202, -2.0226764290505175, -4.663117826855797, -12.317902926254902]
[4.8524560115904425, -4.808320638886844, -1.6792898025696028, -2.6287393463904167, -4.671197099550415]
[6.431182568010074, -4.167017105115197, -0.1391002973584121, -0.9067886855185124, -6.814360550644954]
[-3.965352702211031, -7.599790663842103, -3.981331707468196, -2.7778305006060804, -9.417829591564324]
[-0.9607920320000001, -1.9209412074069525, -4.890077203916576, -0.693949719514361, -3.881592]
[-0.9607920320000001, -1.3504993139196761, -0.2433415160272439, -1.0, -0.870145059745857]
[-3.8421966349092154, -4.010876109957356, -3.831770697516049, -3.0459793371414654, -4.872613082027437]
[6.542023028581708, -0.32264072154749934, -0.0005387536281600002, -0.28421341544917905, -1.3042728817221243]
[8.503729859171353, -0.12123738028165927, 0, -0.27287575241420514, -0.8207479599196961]
[-1.662522378698501, -0.6050608862998459, -4.80396016, -1.6509292438246352, -2.0986462663457237]
[4.553382762891616, -1.5290066009592618, -4.80396016, -0.20023004839793715, -0.09591481488758431]
[-0.9607920320000001, -1.8075587967834985, -0.5538628529983972, -3.881592, -1.4407801001596932]
[7.131093618159033, -0.7573390066259873, 0, -1.0, -0.2593404180287448]
[-0.9607920320000001, -1.3304154984399954, -1.57039062554881, -0.5694079210682822, -2.9404]
[9.135287171200003, -0.5373492491086108, -0.8553552029063186, 0.0, -2.9404]
[6.216107738316875, -2.9404, 0, 0, -0.006116160186504564]
[8.972581427776003, -0.9221068162896606, -1.361890346895372, -1.0, -0.04710314454035563]
[-0.58808, -1.0, -0.5465148690203981, -0.23885728006718432, -1.0]
[-1.492369774182144, -0.8623299141772173, -2.9404, -1.5940879674637676, -1.576890057968894]
[-0.396, -1.0, -1.0, -0.9628481749603498, -0.2266937711733068]
[5.437671585562707, -1.0, 0, 0.0, -1.0]
[-0.9607920320000001, -3.881592, -0.7961194744359895, -0.8645952239078163, -0.2664955700717431]
[6.542023028581708, -3.3940513552475537, 0, -0.25831518989159696, -0.367705998802494]
[-3.8421966349092154, -4.2714084566832025, -4.021835918163935, -1.9272808385084121, -3.759315372570081]
[9.135287171200003, -0.8417721152567665, 0.0, -3.881592, -0.261684136335309]
[9.145241729304805, 0.0, 0, 0, 0]
[-0.9607920320000001, -0.5570962203319251, -1.0, -1.0, -0.9642870230824794]
[9.614962152937933, 0, 0.0, 0, -0.04710314454035563]
[9.463866330804729, 0, 0, 0, 0]
[-0.58808, -0.5683195894961981, -0.930454914087871, -0.26004626031678474, -1.0]
[9.135287171200003, -1.98, 0, -0.5482127114736788, 0]
[9.135287187472079, -0.23947478971919922, -0.019022658969600002, 0, 0]
[-0.58808, -0.7983417824771488, -0.45622611534143465, -1.0, -1.0]
[9.30195503017953, -0.09672286483954995, 0, 0, 0]
[-0.7763184000000001, -0.40402166557528374, -1.2106269471294169, -0.7316147172480314, -1.0]
[9.478658056383413, 0, 0.0, -1.0, 0]
[9.135314757045567, 0, 0.0, -1.98, 0.0]
[9.643600000000003, 0, 0.0, -1.98, -0.022514190077419546]
[-0.396, -1.7647279776114866, -0.5054312881218853, -1.0, -0.0448351563492028]
[9.470728000009233, 0.0, 0, 0.0, -2.125156790314015]
[-0.58808, -0.5753428731832205, -1.0, -0.3097155687721939, -2.0704665964986413]
[9.642634792993237, 0, 0, 0, 0.0]
[-0.7763184000000001, -1.98, -0.7054340065826428, -1.026299627998399, -0.14407350668257818]
[9.30131344302128, 0, 0, -1.3818708476722548, 0]
[9.470732615982145, 0, 0, 0, -1.0]
[9.301313440000644, -1.0, 0, -0.05346320904769989, 0.0]
[8.65686907715525, 0, -1.0, 0, 0.0]
[-0.396, -1.0, -0.3146789621788105, -0.2219593862469337, -1.0]
[9.470727999999996, 0, 0, -2.9404, -0.052938822608422774]
[8.5080217088, 0, -1.0, 0, 0]
[-0.2, -1.98, -1.0, -0.18905999525237166, -0.20088344011410889]
[-3.1876737576010763, -3.297813714617581, -3.4239350536920075, -2.4106482837619145, -3.6648471794638793]
[7.136456681591321, -0.7798444369927416, 0, 0.0, -0.06453575343006794]
[-0.396, -1.0, -0.29690120245281815, -0.4689903662144562, -0.4363564491515845]
[9.643600000000003, 0, -1.98, 0.0, -0.3224159404876271]
[-0.396, -2.9404, -2.9404, -0.12147853918000362, -1.7243036460245356]
[9.301313440000003, -0.04310546214945586, 0, 0, -1.0]
[-0.7763184000000001, -0.23579974888092758, -1.588476411680857, -3.881592, -1.98]
[-0.396, -0.356022036600912, -0.4005081296608115, -1.0, -1.0]
[-0.396, -0.960802859319632, -0.29059033694720415, -1.0, -0.24606173218358576]
[9.627783097419286, 0, 0, 0.0, 0]
[7.182241920000001, 0, 0, 0, 0]
[7.2575424, 0, 0, 0, 0]
[-0.2, -0.18623549112695406, -1.0, -1.0, -0.03725786312804209]
[9.352210387931619, 0, 0, 0, 0]
[-0.7763184000000001, -0.4724165987591715, -1.0, -0.9469061414195291, -1.1333251951364267]
[8.0863941888, 0, 0, 0, 0]
